COSMOS 2419 (714)       
1 28915U 05050A   17085.50910086  .00000029  00000-0  00000-0 0  9996
2 28915  65.4571  68.6357 0017055 345.9717  25.8638  2.13110356 87575
COSMOS 2425 (716)       
1 29670U 06062A   17085.50245876  .00000029  00000-0  10000-3 0  9991
2 29670  65.5012 307.6504 0022540 350.1704  69.9637  2.13104979 79779
COSMOS 2426 (717)       
1 29671U 06062B   17085.77597932  .00000028  00000-0  10000-3 0  9993
2 29671  65.5172 307.7284 0016031 159.2383 329.6533  2.13102970 79783
COSMOS 2424 (715)       
1 29672U 06062C   17085.47719906  .00000029  00000-0  10000-3 0  9999
2 29672  65.5023 307.6628 0015642 157.5257 277.6645  2.13102148 79770
COSMOS 2433 (720)       
1 32275U 07052A   17085.65337529  .00000028  00000-0  10000-3 0  9998
2 32275  65.4725  68.4082 0005147 283.7068  84.3921  2.13104825 73293
COSMOS 2432 (719)       
1 32276U 07052B   17085.54529853  .00000029  00000-0  10000-3 0  9991
2 32276  65.4843  68.4821 0013905 329.2061 269.0307  2.13104112 73284
COSMOS 2434 (721)       
1 32393U 07065A   17085.75557807  .00000028  00000-0  00000-0 0  9993
2 32393  65.1177 306.8302 0005077  87.3030 249.2217  2.13102876 71994
COSMOS 2436 (723)       
1 32395U 07065C   17085.84805039  .00000028  00000-0  10000-3 0  9992
2 32395  65.1278 306.8718 0016560   4.7382  91.0027  2.13104275 71932
COSMOS 2443 (725)       
1 33379U 08046B   17085.61359816  .00000027  00000-0  00000-0 0  9992
2 33379  65.4025  67.8001 0015768 188.1898  51.0309  2.13101859 66157
COSMOS 2456 (730)       
1 36111U 09070A   17085.62628076  .00000013  00000-0  00000-0 0  9990
2 36111  64.1797 186.3989 0003926 320.7015  87.4313  2.13102833 56662
COSMOS 2457 (733)       
1 36112U 09070B   17085.72986360  .00000014  00000-0  00000-0 0  9996
2 36112  64.1617 186.3160 0006508 163.7034  92.8425  2.13101543 56661
COSMOS 2458 (734)       
1 36113U 09070C   17085.67220220  .00000013  00000-0  10000-3 0  9990
2 36113  64.1667 186.3260 0001577  27.5318 232.6275  2.13102095 56661
COSMOS 2459 (731)       
1 36400U 10007A   17085.68001074  .00000026  00000-0  10000-3 0  9990
2 36400  65.3818  67.5241 0029501 348.2628 263.0368  2.13102309 55011
COSMOS 2461 (735)       
1 36401U 10007B   17085.48675322  .00000027  00000-0  10000-3 0  9993
2 36401  65.3738  67.5080 0005249  42.1186 331.5121  2.13102316 55012
COSMOS 2460 (732)       
1 36402U 10007C   17085.74436339  .00000026  00000-0  10000-3 0  9995
2 36402  65.3649  67.4734 0002853 305.9469 306.7552  2.13101808 55018
COSMOS 2465 (737)       
1 37138U 10041B   17085.84667910  .00000027  00000-0  00000-0 0  9999
2 37138  64.7152 306.8566 0034125 169.7776 280.6774  2.13104511 51098
COSMOS 2464 (736)       
1 37139U 10041C   17085.88044049  .00000027  00000-0  00000-0 0  9996
2 37139  64.7230 306.8541 0024841  14.5381 285.5168  2.13102652 51086
COSMOS 2471 (701K)      
1 37372U 11009A   17085.77901681  .00000025  00000-0  00000-0 0  9990
2 37372  65.3619  67.4210 0009017 246.2175 167.4713  2.13107753 47298
COSMOS 2474 (742)       
1 37829U 11055A   17085.60149392  .00000012  00000-0  00000-0 0  9999
2 37829  64.5035 186.9302 0007797 248.3564   0.9148  2.13101887 42655
COSMOS 2476 (744)       
1 37867U 11064A   17085.53420442  .00000012  00000-0  00000-0 0  9991
2 37867  64.4837 187.0059 0016973 243.3081   0.2572  2.13101976 42004
COSMOS 2477 (745)       
1 37868U 11064B   17085.56547536  .00000012  00000-0  00000-0 0  9999
2 37868  64.4919 187.0492 0014844 244.6434 202.0870  2.13101776 41963
COSMOS 2475 (743)       
1 37869U 11064C   17085.61441515  .00000012  00000-0  00000-0 0  9996
2 37869  64.4997 187.0370 0019679 272.3478 168.2773  2.13101861 41973
COSMOS 2485 (747)       
1 39155U 13019A   17085.70020338  .00000013  00000-0  00000-0 0  9995
2 39155  64.6531 187.0122 0017318 237.7038 178.2657  2.13101964 30489
COSMOS 2492 (754)       
1 39620U 14012A   17085.59303073  .00000026  00000-0  10000-3 0  9991
2 39620  65.2542  67.4272 0017513 327.0868  40.6345  2.13103486 23437
COSMOS 2500 (755)       
1 40001U 14032A   17085.61273343  .00000026  00000-0  00000-0 0  9993
2 40001  65.1949  67.4297 0006357 233.2860  12.7433  2.13102871 21649
COSMOS 2501 (702K)      
1 40315U 14075A   17085.63686177  .00000025  00000-0  00000-0 0  9992
2 40315  64.4511 308.2333 0013408 208.4025 223.2989  2.13098518 18051
COSMOS 2514 (751)       
1 41330U 16008A   17085.57490461  .00000026  00000-0  00000-0 0  9991
2 41330  64.9948  67.5954 0009830 233.1010 163.6905  2.13103438  8811
COSMOS 2516 (753)       
1 41554U 16032A   17085.77742133  .00000026  00000-0  00000-0 0  9994
2 41554  64.6688 307.9699 0009545 223.6753 221.5334  2.13101604  6423
