COSMOS 2419 (714)       
1 28915U 05050A   17091.47854969  .00000018  00000-0  00000-0 0  9994
2 28915  65.4606  68.4349 0017164 346.1722 285.3846  2.13110431 87694
COSMOS 2425 (716)       
1 29670U 06062A   17091.49351241 -.00000000  00000-0  10000-3 0  9990
2 29670  65.4986 307.4484 0022465 350.4927 345.8191  2.13105015 79895
COSMOS 2426 (717)       
1 29671U 06062B   17091.69241885 -.00000000  00000-0  10000-3 0  9995
2 29671  65.5150 307.5286 0016228 158.5460 189.2420  2.13103081 79908
COSMOS 2424 (715)       
1 29672U 06062C   17091.89932807 -.00000000  00000-0  10000-3 0  9999
2 29672  65.4989 307.4455 0015831 157.0846 164.9282  2.13102203 79907
COSMOS 2433 (720)       
1 32275U 07052A   17091.62024410  .00000018  00000-0  10000-3 0  9993
2 32275  65.4755  68.2073 0005106 285.4773 340.2421  2.13104866 73419
COSMOS 2432 (719)       
1 32276U 07052B   17091.68998904  .00000018  00000-0  10000-3 0  9998
2 32276  65.4876  68.2752 0013972 329.9081 302.3543  2.13104172 73418
COSMOS 2434 (721)       
1 32393U 07065A   17091.58056718  .00000000  00000-0  00000-0 0  9996
2 32393  65.1142 306.6306 0005264  88.4258  36.8392  2.13102936 72127
COSMOS 2436 (723)       
1 32395U 07065C   17091.35649356  .00000000  00000-0  10000-3 0  9993
2 32395  65.1245 306.6838 0016502   5.3521 356.3129  2.13104329 72059
COSMOS 2443 (725)       
1 33379U 08046B   17091.75468387  .00000017  00000-0  00000-0 0  9997
2 33379  65.4057  67.5928 0015770 188.1684  82.2573  2.13101590 66277
COSMOS 2456 (730)       
1 36111U 09070A   17091.77750799  .00000007  00000-0  00000-0 0  9994
2 36111  64.1793 186.1887 0004131 317.4820 129.6908  2.13102885 56799
COSMOS 2457 (733)       
1 36112U 09070B   17091.61268850  .00000009  00000-0  00000-0 0  9992
2 36112  64.1614 186.1145 0006480 165.0181 284.6303  2.13101580 56797
COSMOS 2458 (734)       
1 36113U 09070C   17091.57016354  .00000010  00000-0  10000-3 0  9994
2 36113  64.1666 186.1240 0001431  18.5369  86.3488  2.13102147 56793
COSMOS 2459 (731)       
1 36400U 10007A   17091.81577508  .00000017  00000-0  10000-3 0  9992
2 36400  65.3847  67.3159 0029590 348.4944 289.9449  2.13102367 55145
COSMOS 2461 (735)       
1 36401U 10007B   17091.47895696  .00000016  00000-0  10000-3 0  9995
2 36401  65.3772  67.3058 0005394  41.8514 248.7839  2.13102371 55134
COSMOS 2460 (732)       
1 36402U 10007C   17091.89131459  .00000017  00000-0  10000-3 0  9993
2 36402  65.3681  67.2654 0002910 309.7572 338.6558  2.13101872 55149
COSMOS 2465 (737)       
1 37138U 10041B   17091.35665706 -.00000001  00000-0  00000-0 0  9996
2 37138  64.7130 306.6655 0034489 169.1911 188.4050  2.13105343 51208
COSMOS 2464 (736)       
1 37139U 10041C   17091.56477772 -.00000001  00000-0  00000-0 0  9994
2 37139  64.7208 306.6571 0024850  14.9491 325.9424  2.13102686 51203
COSMOS 2471 (701K)      
1 37372U 11009A   17091.61326698  .00000016  00000-0  00000-0 0  9999
2 37372  65.3651  67.2231 0008919 246.6224 323.0083  2.13107791 47410
COSMOS 2474 (742)       
1 37829U 11055A   17091.90756627  .00000005  00000-0  00000-0 0  9996
2 37829  64.5032 186.7172 0008024 248.7715 158.3069  2.13101959 42796
COSMOS 2476 (744)       
1 37867U 11064A   17091.68163095  .00000009  00000-0  00000-0 0  9998
2 37867  64.4833 186.7984 0017197 243.6365  36.0307  2.13102051 42132
COSMOS 2477 (745)       
1 37868U 11064B   17091.58433818  .00000010  00000-0  00000-0 0  9993
2 37868  64.4918 186.8459 0015023 244.8748 139.3210  2.13101814 42090
COSMOS 2475 (743)       
1 37869U 11064C   17091.47333383  .00000011  00000-0  00000-0 0  9999
2 37869  64.4997 186.8391 0019931 272.2120 343.1770  2.13101908 42094
COSMOS 2485 (747)       
1 39155U 13019A   17091.84073654  .00000006  00000-0  00000-0 0  9998
2 39155  64.6529 186.8059 0017567 238.2105 208.5680  2.13102018 30618
COSMOS 2492 (754)       
1 39620U 14012A   17091.34915160  .00000015  00000-0  10000-3 0  9995
2 39620  65.2572  67.2321 0017548 327.4697 136.1678  2.13103532 23550
COSMOS 2500 (755)       
1 40001U 14032A   17091.75430207  .00000016  00000-0  00000-0 0  9998
2 40001  65.1981  67.2204 0006212 233.9976  43.6390  2.13102928 21778
COSMOS 2501 (702K)      
1 40315U 14075A   17091.62351618 -.00000004  00000-0  00000-0 0  9995
2 40315  64.4481 308.0240 0013373 208.0797 136.3009  2.13098562 18174
COSMOS 2514 (751)       
1 41330U 16008A   17091.72158808  .00000016  00000-0  00000-0 0  9990
2 41330  64.9983  67.3854 0009624 233.5678 198.7720  2.13103517  8948
COSMOS 2516 (753)       
1 41554U 16032A   17090.51133069 -.00000001  00000-0  00000-0 0  9998
2 41554  64.6653 307.8056 0009425 222.2755 254.6190  2.13101716  6527
