COSMOS 2419 (714)       
1 28915U 05050A   17104.93872080 -.00000008  00000-0  00000-0 0  9994
2 28915  65.4675  67.9820 0017352 346.8400 171.2511  2.13110272 87984
COSMOS 2425 (716)       
1 29670U 06062A   17104.91436781 -.00000015  00000-0  10000-3 0  9991
2 29670  65.4929 306.9947 0022091 351.2779 201.1452  2.13104855 80188
COSMOS 2426 (717)       
1 29671U 06062B   17104.61924394 -.00000016  00000-0  10000-3 0  9992
2 29671  65.5096 307.0924 0016601 157.8470  26.9566  2.13102960 80184
COSMOS 2424 (715)       
1 29672U 06062C   17104.34092365 -.00000018  00000-0  10000-3 0  9999
2 29672  65.4943 307.0259 0016199 156.0747 350.6640  2.13102103 80174
COSMOS 2433 (720)       
1 32275U 07052A   17104.61444590 -.00000011  00000-0  10000-3 0  9996
2 32275  65.4824  67.7700 0004914 288.6304 225.8724  2.13104688 73694
COSMOS 2432 (719)       
1 32276U 07052B   17104.68356001 -.00000011  00000-0  10000-3 0  9993
2 32276  65.4942  67.8369 0014020 331.2996 189.2346  2.13104047 73691
COSMOS 2434 (721)       
1 32393U 07065A   17104.61353031 -.00000017  00000-0  00000-0 0  9992
2 32393  65.1085 306.1846 0005666  91.3590 312.3537  2.13102798 72405
COSMOS 2436 (723)       
1 32395U 07065C   17104.67105397 -.00000016  00000-0  10000-3 0  9993
2 32395  65.1176 306.2283 0016266   6.9763 129.2365  2.13104216 72339
COSMOS 2443 (725)       
1 33379U 08046B   17104.29182337 -.00000015  00000-0  00000-0 0  9998
2 33379  65.4117  67.1696 0015747 187.8318 340.6132  2.13101996 66559
COSMOS 2456 (730)       
1 36111U 09070A   17104.45934385  .00000019  00000-0  00000-0 0  9992
2 36111  64.1783 185.7551 0004654 310.8247 145.4710  2.13102824 57062
COSMOS 2457 (733)       
1 36112U 09070B   17104.65972439  .00000018  00000-0  00000-0 0  9996
2 36112  64.1607 185.6687 0006372 171.1052 207.7742  2.13101505 57071
COSMOS 2458 (734)       
1 36113U 09070C   17104.92197821  .00000017  00000-0  10000-3 0  9994
2 36113  64.1663 185.6678 0001410 355.7080 272.2526  2.13102082 57071
COSMOS 2459 (731)       
1 36400U 10007A   17104.60893980 -.00000013  00000-0  10000-3 0  9996
2 36400  65.3909  66.8831 0029725 349.2308  23.6534  2.13102245 55422
COSMOS 2461 (735)       
1 36401U 10007B   17104.42722013 -.00000014  00000-0  10000-3 0  9996
2 36401  65.3835  66.8685 0005835  42.8335 101.2329  2.13102234 55412
COSMOS 2460 (732)       
1 36402U 10007C   17104.36252105 -.00000015  00000-0  10000-3 0  9991
2 36402  65.3737  66.8441 0002827 315.5146 180.3276  2.13101749 55411
COSMOS 2465 (737)       
1 37138U 10041B   17104.60245417 -.00000018  00000-0  00000-0 0  9990
2 37138  64.7065 306.2046 0034559 168.8388 270.7295  2.13107218 51497
COSMOS 2464 (736)       
1 37139U 10041C   17104.41002196 -.00000019  00000-0  00000-0 0  9996
2 37139  64.7160 306.2107 0024701  16.0858  99.2430  2.13102575 51481
COSMOS 2471 (701K)      
1 37372U 11009A   17104.68195469 -.00000012  00000-0  00000-0 0  9998
2 37372  65.3712  66.7812 0008612 247.2617 268.4399  2.13107650 47696
COSMOS 2474 (742)       
1 37829U 11055A   17104.61640068  .00000018  00000-0  00000-0 0  9994
2 37829  64.5034 186.2879 0008585 249.0048 187.8534  2.13101876 43065
COSMOS 2476 (744)       
1 37867U 11064A   17104.52215946  .00000019  00000-0  00000-0 0  9990
2 37867  64.4827 186.3647 0017837 244.2928 166.1904  2.13101968 42415
COSMOS 2477 (745)       
1 37868U 11064B   17104.71762044  .00000018  00000-0  00000-0 0  9997
2 37868  64.4915 186.4016 0015688 245.6415 133.9525  2.13101778 42378
COSMOS 2475 (743)       
1 37869U 11064C   17104.77200250  .00000017  00000-0  00000-0 0  9999
2 37869  64.4983 186.3901 0020626 271.9658 105.7039  2.13101844 42387
COSMOS 2485 (747)       
1 39155U 13019A   17104.54124576  .00000019  00000-0  00000-0 0  9994
2 39155  64.6523 186.3796 0018204 239.3245 230.8446  2.13101943 30884
COSMOS 2492 (754)       
1 39620U 14012A   17104.40370369 -.00000015  00000-0  10000-3 0  9994
2 39620  65.2634  66.7884 0017502 328.5498  70.1192  2.13103399 23838
COSMOS 2500 (755)       
1 40001U 14032A   17104.66339567 -.00000013  00000-0  00000-0 0  9998
2 40001  65.2047  66.7792 0005808 233.5073 227.5455  2.13102830 22051
COSMOS 2501 (702K)      
1 40315U 14075A   17104.76142683 -.00000019  00000-0  00000-0 0  9991
2 40315  64.4423 307.5633 0013457 206.5436 136.6112  2.13098425 18453
COSMOS 2514 (751)       
1 41330U 16008A   17104.42055171 -.00000015  00000-0  00000-0 0  9991
2 41330  65.0047  66.9499 0009294 233.5990 220.9819  2.13103349  9212
COSMOS 2516 (753)       
1 41554U 16032A   17104.53655366 -.00000019  00000-0  00000-0 0  9994
2 41554  64.6592 307.3178 0009466 217.5358 218.9875  2.13101677  6822
