COSMOS 2419 (714)       
1 28915U 05050A   17097.33235498 -.00000006  00000-0  00000-0 0  9993
2 28915  65.4638  68.2380 0017236 346.3558  96.1939  2.13110388 87828
COSMOS 2425 (716)       
1 29670U 06062A   17097.64325242  .00000006  00000-0  10000-3 0  9990
2 29670  65.4960 307.2405 0022326 350.9172  23.3064  2.13104951 80034
COSMOS 2426 (717)       
1 29671U 06062B   17097.87155116  .00000005  00000-0  10000-3 0  9996
2 29671  65.5129 307.3200 0016376 158.2231 249.9839  2.13103047 80042
COSMOS 2424 (715)       
1 29672U 06062C   17097.57339834  .00000006  00000-0  10000-3 0  9996
2 29672  65.4971 307.2547 0015991 156.5242 198.4226  2.13102163 80029
COSMOS 2433 (720)       
1 32275U 07052A   17097.70248870 -.00000010  00000-0  10000-3 0  9999
2 32275  65.4790  68.0027 0005054 287.2283 324.6171  2.13104796 73547
COSMOS 2432 (719)       
1 32276U 07052B   17097.70187289 -.00000010  00000-0  10000-3 0  9996
2 32276  65.4904  68.0725 0014020 330.4437 233.9540  2.13104146 73546
COSMOS 2434 (721)       
1 32393U 07065A   17097.74719944  .00000005  00000-0  00000-0 0  9992
2 32393  65.1108 306.4197 0005403  89.5051  86.5914  2.13102879 72255
COSMOS 2436 (723)       
1 32395U 07065C   17097.68325995  .00000005  00000-0  10000-3 0  9990
2 32395  65.1213 306.4671 0016453   5.8621 169.5168  2.13104297 72183
COSMOS 2443 (725)       
1 33379U 08046B   17097.35678216 -.00000008  00000-0  00000-0 0  9994
2 33379  65.4084  67.4036 0015745 188.0067  60.1342  2.13101684 66398
COSMOS 2456 (730)       
1 36111U 09070A   17097.78219635 -.00000023  00000-0  00000-0 0  9999
2 36111  64.1789 185.9833 0004267 315.8904  57.8992  2.13102860 56920
COSMOS 2457 (733)       
1 36112U 09070B   17097.72284605 -.00000024  00000-0  00000-0 0  9994
2 36112  64.1611 185.9056 0006446 166.8896 290.2597  2.13101556 56922
COSMOS 2458 (734)       
1 36113U 09070C   17097.44442469 -.00000026  00000-0  10000-3 0  9994
2 36113  64.1663 185.9229 0001391  11.6203 279.8074  2.13102131 56917
COSMOS 2459 (731)       
1 36400U 10007A   17097.69913132 -.00000012  00000-0  10000-3 0  9997
2 36400  65.3876  67.1167 0029660 349.0258 122.9070  2.13102311 55276
COSMOS 2461 (735)       
1 36401U 10007B   17097.55752248 -.00000011  00000-0  10000-3 0  9991
2 36401  65.3802  67.0999 0005561  41.8482 232.0401  2.13102332 55261
COSMOS 2460 (732)       
1 36402U 10007C   17097.78157684 -.00000013  00000-0  10000-3 0  9992
2 36402  65.3710  67.0665 0002908 312.2445 174.9526  2.13101854 55277
COSMOS 2465 (737)       
1 37138U 10041B   17097.68310948  .00000004  00000-0  00000-0 0  9995
2 37138  64.7086 306.4461 0034447 168.9105   2.2482  2.13107062 51344
COSMOS 2464 (736)       
1 37139U 10041C   17097.71011361  .00000004  00000-0  00000-0 0  9997
2 37139  64.7189 306.4433 0024851  15.5655 359.8209  2.13102663 51343
COSMOS 2471 (701K)      
1 37372U 11009A   17097.70266876 -.00000013  00000-0  00000-0 0  9994
2 37372  65.3679  67.0169 0008831 247.0257 314.2901  2.13107755 47547
COSMOS 2474 (742)       
1 37829U 11055A   17097.60991554 -.00000025  00000-0  00000-0 0  9992
2 37829  64.5032 186.5244 0008306 248.8753 212.8489  2.13101919 42912
COSMOS 2476 (744)       
1 37867U 11064A   17097.52491757 -.00000026  00000-0  00000-0 0  9996
2 37867  64.4835 186.6009 0017474 244.0446 198.3927  2.13102009 42261
COSMOS 2477 (745)       
1 37868U 11064B   17097.72531041 -.00000024  00000-0  00000-0 0  9998
2 37868  64.4923 186.6384 0015299 245.3874 169.9477  2.13101765 42226
COSMOS 2475 (743)       
1 37869U 11064C   17097.73645861 -.00000024  00000-0  00000-0 0  9996
2 37869  64.4991 186.6279 0020166 272.0780 108.1657  2.13101890 42232
COSMOS 2485 (747)       
1 39155U 13019A   17097.69477010 -.00000024  00000-0  00000-0 0  9992
2 39155  64.6524 186.6091 0017828 238.6246  19.1664  2.13101989 30734
COSMOS 2492 (754)       
1 39620U 14012A   17097.69714073 -.00000013  00000-0  10000-3 0  9998
2 39620  65.2603  67.0166 0017550 327.9252 325.6861  2.13103488 23688
COSMOS 2500 (755)       
1 40001U 14032A   17097.70731271 -.00000013  00000-0  00000-0 0  9992
2 40001  65.2012  67.0169 0005992 233.9251 290.6582  2.13102892 21904
COSMOS 2501 (702K)      
1 40315U 14075A   17097.70857096  .00000002  00000-0  00000-0 0  9998
2 40315  64.4458 307.8107 0013355 207.4409 125.1033  2.13098529 18301
COSMOS 2514 (751)       
1 41330U 16008A   17097.50437869 -.00000011  00000-0  00000-0 0  9995
2 41330  65.0007  67.1871 0009494 233.7853 314.9284  2.13103466  9060
COSMOS 2516 (753)       
1 41554U 16032A   17097.50187780  .00000003  00000-0  00000-0 0  9994
2 41554  64.6602 307.5616 0009379 221.0819 218.6987  2.13101639  6670
