COSMOS 2419 (714)       
1 28915U 05050A   17120.59143831 -.00000008  00000-0  00000-0 0  9999
2 28915  65.4746  67.4570 0017466 348.5621 298.1787  2.13110348 88316
COSMOS 2425 (716)       
1 29670U 06062A   17120.37955273 -.00000005  00000-0  10000-3 0  9990
2 29670  65.4845 306.4734 0021780 351.7793 185.1256  2.13105006 80518
COSMOS 2426 (717)       
1 29671U 06062B   17120.57591890 -.00000005  00000-0  10000-3 0  9994
2 29671  65.5034 306.5557 0017237 157.3667  28.8594  2.13103018 80526
COSMOS 2424 (715)       
1 29672U 06062C   17120.64883646 -.00000005  00000-0  10000-3 0  9996
2 29672  65.4875 306.4758 0016584 155.8610 261.7169  2.13102259 80528
COSMOS 2433 (720)       
1 32275U 07052A   17120.65250948 -.00000008  00000-0  10000-3 0  9996
2 32275  65.4898  67.2300 0004528 292.3665 286.0982  2.13104764 74038
COSMOS 2432 (719)       
1 32276U 07052B   17120.79906549 -.00000008  00000-0  10000-3 0  9997
2 32276  65.5019  67.2952 0013950 333.1461 310.7273  2.13104169 74032
COSMOS 2434 (721)       
1 32393U 07065A   17120.43080809 -.00000005  00000-0  00000-0 0  9997
2 32393  65.1020 305.6432 0005851  94.7327 203.4768  2.13102948 72739
COSMOS 2436 (723)       
1 32395U 07065C   17120.53514593 -.00000005  00000-0  10000-3 0  9996
2 32395  65.1110 305.6857 0015932   7.8821  58.8207  2.13104345 72673
COSMOS 2443 (725)       
1 33379U 08046B   17120.73452116 -.00000010  00000-0  00000-0 0  9995
2 33379  65.4194  66.6123 0016154 187.6639 355.0262  2.13102493 66894
COSMOS 2456 (730)       
1 36111U 09070A   17120.65265484  .00000018  00000-0  00000-0 0  9998
2 36111  64.1781 185.2017 0005158 306.8870 332.4398  2.13102918 57401
COSMOS 2457 (733)       
1 36112U 09070B   17120.63794480  .00000018  00000-0  00000-0 0  9990
2 36112  64.1599 185.1229 0006347 181.2770 215.5428  2.13101518 57419
COSMOS 2458 (734)       
1 36113U 09070C   17120.86379487  .00000016  00000-0  10000-3 0  9994
2 36113  64.1662 185.1235 0001678 324.2905 293.7176  2.13102159 57419
COSMOS 2459 (731)       
1 36400U 10007A   17120.73048894 -.00000010  00000-0  10000-3 0  9991
2 36400  65.3980  66.3402 0029732 350.0295 150.7286  2.13102354 55767
COSMOS 2461 (735)       
1 36401U 10007B   17120.89761569 -.00000011  00000-0  10000-3 0  9991
2 36401  65.3915  66.3126 0006304  45.2631 134.3032  2.13102383 55765
COSMOS 2460 (732)       
1 36402U 10007C   17120.62894308 -.00000010  00000-0  10000-3 0  9990
2 36402  65.3817  66.2942 0002610 325.9875  48.8406  2.13101834 55760
COSMOS 2465 (737)       
1 37138U 10041B   17120.47846465 -.00000006  00000-0  00000-0 0  9990
2 37138  64.7003 305.6529 0034859 168.5077 210.8624  2.13106676 51839
COSMOS 2464 (736)       
1 37139U 10041C   17120.57895624 -.00000006  00000-0  00000-0 0  9993
2 37139  64.7073 305.6490 0024364  16.8275 262.7762  2.13102668 51824
COSMOS 2471 (701K)      
1 37372U 11009A   17120.60536405 -.00000010  00000-0  00000-0 0  9995
2 37372  65.3800  66.2422 0008322 247.0938 244.7861  2.13107754 48033
COSMOS 2474 (742)       
1 37829U 11055A   17120.61567257  .00000019  00000-0  00000-0 0  9991
2 37829  64.5027 185.7477 0009291 251.2158 219.7441  2.13101976 43408
COSMOS 2476 (744)       
1 37867U 11064A   17120.47864694  .00000020  00000-0  00000-0 0  9994
2 37867  64.4823 185.8257 0018527 245.1773 166.5915  2.13102070 42755
COSMOS 2477 (745)       
1 37868U 11064B   17120.72864056  .00000017  00000-0  00000-0 0  9991
2 37868  64.4908 185.8607 0016467 246.8654 175.8336  2.13101847 42713
COSMOS 2475 (743)       
1 37869U 11064C   17120.81138353  .00000016  00000-0  00000-0 0  9995
2 37869  64.4981 185.8478 0021353 271.6862 170.8543  2.13101938 42725
COSMOS 2485 (747)       
1 39155U 13019A   17120.48345281  .00000020  00000-0  00000-0 0  9995
2 39155  64.6517 185.8443 0018905 240.2183 220.2702  2.13102014 31227
COSMOS 2492 (754)       
1 39620U 14012A   17120.58761133 -.00000010  00000-0  10000-3 0  9999
2 39620  65.2715  66.2385 0017367 330.2593 244.1962  2.13103504 24178
COSMOS 2500 (755)       
1 40001U 14032A   17120.64870082 -.00000011  00000-0  00000-0 0  9994
2 40001  65.2108  66.2365 0005358 231.9598 252.4864  2.13102934 22397
COSMOS 2501 (702K)      
1 40315U 14075A   17120.67361631 -.00000008  00000-0  00000-0 0  9993
2 40315  64.4338 307.0049 0013694 205.1710 105.0722  2.13098602 18798
COSMOS 2514 (751)       
1 41330U 16008A   17120.70969554 -.00000011  00000-0  00000-0 0  9995
2 41330  65.0125  66.3924 0008854 232.4471 118.6647  2.13103502  9559
COSMOS 2516 (753)       
1 41554U 16032A   17120.63038453 -.00000007  00000-0  00000-0 0  9992
2 41554  64.6537 306.7584 0009578 216.0922 327.0324  2.13101686  7169
