COSMOS 2419 (714)       
1 28915U 05050A   17099.60906436 -.00000025  00000-0  00000-0 0  9993
2 28915  65.4651  68.1612 0017264 346.4835  42.7388  2.13110351 87870
COSMOS 2425 (716)       
1 29670U 06062A   17099.54680090 -.00000006  00000-0  10000-3 0  9997
2 29670  65.4950 307.1764 0022280 350.9940  43.5796  2.13104930 80079
COSMOS 2426 (717)       
1 29671U 06062B   17099.66814319 -.00000007  00000-0  10000-3 0  9995
2 29671  65.5121 307.2593 0016422 158.0782 188.4121  2.13103020 80074
COSMOS 2424 (715)       
1 29672U 06062C   17099.53686861 -.00000006  00000-0  10000-3 0  9990
2 29672  65.4960 307.1881 0016040 156.3973 264.8502  2.13102145 80072
COSMOS 2433 (720)       
1 32275U 07052A   17099.59285374 -.00000026  00000-0  10000-3 0  9995
2 32275  65.4800  67.9389 0005004 287.7784 334.3010  2.13104753 73581
COSMOS 2432 (719)       
1 32276U 07052B   17099.90224544 -.00000027  00000-0  10000-3 0  9994
2 32276  65.4914  67.9983 0014009 330.6581 121.7985  2.13104125 73599
COSMOS 2434 (721)       
1 32393U 07065A   17099.71593541 -.00000008  00000-0  00000-0 0  9998
2 32393  65.1102 306.3519 0005480  90.2459 156.1977  2.13102847 72294
COSMOS 2436 (723)       
1 32395U 07065C   17099.78906919 -.00000009  00000-0  10000-3 0  9999
2 32395  65.1203 306.3951 0016388   6.2875 344.6066  2.13104259 72221
COSMOS 2443 (725)       
1 33379U 08046B   17099.72397300 -.00000028  00000-0  00000-0 0  9991
2 33379  65.4096  67.3237 0015748 187.8281  76.3338  2.13101947 66443
COSMOS 2456 (730)       
1 36111U 09070A   17099.67938160  .00000000  00000-0  00000-0 0  9994
2 36111  64.1789 185.9185 0004300 315.0630  74.1900  2.13102842 56961
COSMOS 2457 (733)       
1 36112U 09070B   17099.56893725 -.00000001  00000-0  00000-0 0  9992
2 36112  64.1612 185.8425 0006398 168.0548 265.3507  2.13101537 56963
COSMOS 2458 (734)       
1 36113U 09070C   17099.90848375  .00000003  00000-0  10000-3 0  9997
2 36113  64.1661 185.8385 0001404   4.1936  17.5787  2.13102110 56973
COSMOS 2459 (731)       
1 36400U 10007A   17099.60265432 -.00000028  00000-0  10000-3 0  9990
2 36400  65.3885  67.0523 0029676 349.0739 143.1720  2.13102293 55313
COSMOS 2461 (735)       
1 36401U 10007B   17099.92651323 -.00000029  00000-0  10000-3 0  9995
2 36401  65.3814  67.0197 0005621  41.9156 249.3751  2.13102304 55314
COSMOS 2460 (732)       
1 36402U 10007C   17099.73096740 -.00000029  00000-0  10000-3 0  9991
2 36402  65.3719  67.0006 0002928 312.5915 230.1025  2.13101820 55319
COSMOS 2465 (737)       
1 37138U 10041B   17099.79076132 -.00000010  00000-0  00000-0 0  9991
2 37138  64.7096 306.3715 0034543 168.9065 179.2078  2.13107079 51386
COSMOS 2464 (736)       
1 37139U 10041C   17099.78504465 -.00000010  00000-0  00000-0 0  9996
2 37139  64.7177 306.3713 0024839  15.6741 151.5296  2.13102647 51382
COSMOS 2471 (701K)      
1 37372U 11009A   17099.59379156 -.00000028  00000-0  00000-0 0  9995
2 37372  65.3690  66.9528 0008793 247.0325 325.1201  2.13107737 47588
COSMOS 2474 (742)       
1 37829U 11055A   17099.84065164  .00000002  00000-0  00000-0 0  9993
2 37829  64.5033 186.4491 0008363 249.0265 124.0415  2.13101901 42969
COSMOS 2476 (744)       
1 37867U 11064A   17099.49204507 -.00000003  00000-0  00000-0 0  9994
2 37867  64.4835 186.5347 0017580 244.1441 267.4059  2.13101991 42307
COSMOS 2477 (745)       
1 37868U 11064B   17099.44436378 -.00000004  00000-0  00000-0 0  9994
2 37868  64.4909 186.5801 0015883 246.0167  48.1115  2.13101661 42250
COSMOS 2475 (743)       
1 37869U 11064C   17099.68389324 -.00000001  00000-0  00000-0 0  9996
2 37869  64.4989 186.5622 0020266 271.9965 162.2510  2.13101863 42277
COSMOS 2485 (747)       
1 39155U 13019A   17099.74147042  .00000000  00000-0  00000-0 0  9992
2 39155  64.6526 186.5408 0017942 238.9166 149.0303  2.13101956 30780
COSMOS 2492 (754)       
1 39620U 14012A   17099.75415163 -.00000029  00000-0  10000-3 0  9992
2 39620  65.2613  66.9466 0017548 328.0258 103.6573  2.13103454 23738
COSMOS 2500 (755)       
1 40001U 14032A   17099.64749675 -.00000029  00000-0  00000-0 0  9991
2 40001  65.2021  66.9506 0005939 233.9189 339.1072  2.13102874 21945
COSMOS 2501 (702K)      
1 40315U 14075A   17099.38279951 -.00000009  00000-0  00000-0 0  9990
2 40315  64.4449 307.7520 0013359 207.2605 329.6713  2.13098512 18341
COSMOS 2514 (751)       
1 41330U 16008A   17099.69978235 -.00000029  00000-0  00000-0 0  9993
2 41330  65.0018  67.1118 0009441 233.7565 199.2010  2.13103439  9115
COSMOS 2516 (753)       
1 41554U 16032A   17099.43335801 -.00000008  00000-0  00000-0 0  9993
2 41554  64.6598 307.4948 0009372 220.6201 260.9203  2.13101624  6714
