COSMOS 2419 (714)       
1 28915U 05050A   17089.46868053  .00000015  00000-0  00000-0 0  9996
2 28915  65.4595  68.5028 0017156 346.1658 183.4334  2.13110422 87651
COSMOS 2425 (716)       
1 29670U 06062A   17089.69810212  .00000005  00000-0  10000-3 0  9991
2 29670  65.4995 307.5090 0022479 350.4199  48.5010  2.13105012 79866
COSMOS 2426 (717)       
1 29671U 06062B   17089.90173633  .00000004  00000-0  10000-3 0  9994
2 29671  65.5165 307.5888 0016199 158.7125 255.3237  2.13103058 79870
COSMOS 2424 (715)       
1 29672U 06062C   17089.60032461  .00000005  00000-0  10000-3 0  9996
2 29672  65.5001 307.5232 0015794 157.0874 201.2142  2.13102192 79857
COSMOS 2433 (720)       
1 32275U 07052A   17089.72819882  .00000015  00000-0  10000-3 0  9993
2 32275  65.4746  68.2710 0005115 285.2199 328.9736  2.13104857 73374
COSMOS 2432 (719)       
1 32276U 07052B   17089.65537083  .00000015  00000-0  10000-3 0  9996
2 32276  65.4865  68.3436 0013950 329.7680 181.5956  2.13104160 73372
COSMOS 2434 (721)       
1 32393U 07065A   17089.70164541  .00000005  00000-0  00000-0 0  9996
2 32393  65.1151 306.6950 0005247  88.3430  35.4764  2.13102948 72080
COSMOS 2436 (723)       
1 32395U 07065C   17089.62813706  .00000005  00000-0  10000-3 0  9997
2 32395  65.1252 306.7429 0016513   5.2815 110.4371  2.13104327 72013
COSMOS 2443 (725)       
1 33379U 08046B   17089.86364951  .00000014  00000-0  00000-0 0  9995
2 33379  65.4048  67.6567 0015775 188.1912  71.5058  2.13101612 66236
COSMOS 2456 (730)       
1 36111U 09070A   17089.85779609  .00000027  00000-0  00000-0 0  9993
2 36111  64.1795 186.2545 0004091 318.0558  96.3707  2.13102883 56754
COSMOS 2457 (733)       
1 36112U 09070B   17089.28340921  .00000030  00000-0  00000-0 0  9996
2 36112  64.1616 186.1944 0006484 164.6861 298.0190  2.13101580 56748
COSMOS 2458 (734)       
1 36113U 09070C   17089.65170569  .00000029  00000-0  10000-3 0  9999
2 36113  64.1666 186.1899 0001506  20.6234  52.4828  2.13102129 56759
COSMOS 2459 (731)       
1 36400U 10007A   17089.63471551  .00000013  00000-0  10000-3 0  9996
2 36400  65.3838  67.3897 0029563 348.3710  56.8379  2.13102356 55101
COSMOS 2461 (735)       
1 36401U 10007B   17089.85764325  .00000013  00000-0  10000-3 0  9995
2 36401  65.3760  67.3605 0005370  41.9839  84.8378  2.13102364 55100
COSMOS 2460 (732)       
1 36402U 10007C   17089.70149580  .00000013  00000-0  10000-3 0  9990
2 36402  65.3669  67.3392 0002896 309.2205  99.2467  2.13101874 55103
COSMOS 2465 (737)       
1 37138U 10041B   17089.62943972  .00000004  00000-0  00000-0 0  9999
2 37138  64.7128 306.7256 0034153 169.4778 303.0187  2.13104645 51171
COSMOS 2464 (736)       
1 37139U 10041C   17089.67184329  .00000004  00000-0  00000-0 0  9998
2 37139  64.7219 306.7227 0024845  14.8720 313.8226  2.13102681 51168
COSMOS 2471 (701K)      
1 37372U 11009A   17089.62252644  .00000013  00000-0  00000-0 0  9993
2 37372  65.3641  67.2905 0008933 246.4925 235.8749  2.13107788 47379
COSMOS 2474 (742)       
1 37829U 11055A   17089.61166755  .00000029  00000-0  00000-0 0  9994
2 37829  64.5032 186.7947 0007930 248.7810 196.9608  2.13101930 42748
COSMOS 2476 (744)       
1 37867U 11064A   17089.54537397  .00000029  00000-0  00000-0 0  9992
2 37867  64.4834 186.8704 0017175 243.6468 197.1553  2.13102042 42091
COSMOS 2477 (745)       
1 37868U 11064B   17089.71135097  .00000029  00000-0  00000-0 0  9993
2 37868  64.4919 186.9093 0015002 244.8367 142.4674  2.13101810 42051
COSMOS 2475 (743)       
1 37869U 11064C   17089.64643440  .00000029  00000-0  00000-0 0  9992
2 37869  64.4998 186.9006 0019909 272.2342  21.6197  2.13101908 42057
COSMOS 2485 (747)       
1 39155U 13019A   17089.48353023  .00000030  00000-0  00000-0 0  9993
2 39155  64.6529 186.8851 0017511 238.1563 200.2537  2.13102011 30561
COSMOS 2492 (754)       
1 39620U 14012A   17089.66473101  .00000013  00000-0  10000-3 0  9999
2 39620  65.2562  67.2893 0017549 327.3689 284.0337  2.13103517 23518
COSMOS 2500 (755)       
1 40001U 14032A   17089.64015325  .00000013  00000-0  00000-0 0  9990
2 40001  65.1970  67.2920 0006272 233.7371 221.9954  2.13102911 21739
COSMOS 2501 (702K)      
1 40315U 14075A   17089.92005692  .00000000  00000-0  00000-0 0  9998
2 40315  64.4490 308.0838 0013378 208.1364 269.4306  2.13098557 18142
COSMOS 2514 (751)       
1 41330U 16008A   17089.65882682  .00000013  00000-0  00000-0 0  9990
2 41330  64.9968  67.4559 0009673 233.4953  56.3574  2.13103500  8895
COSMOS 2516 (753)       
1 41554U 16032A   17089.60206501  .00000003  00000-0  00000-0 0  9999
2 41554  64.6656 307.8373 0009426 222.3235 277.0154  2.13101714  6502
