COSMOS 2419 (714)       
1 28915U 05050A   17095.60854897  .00000010  00000-0  00000-0 0  9995
2 28915  65.4628  68.2962 0017217 346.2728 213.7858  2.13110391 87786
COSMOS 2425 (716)       
1 29670U 06062A   17095.85516821  .00000010  00000-0  10000-3 0  9991
2 29670  65.4969 307.3011 0022391 350.7832  91.6707  2.13104966 79991
COSMOS 2426 (717)       
1 29671U 06062B   17095.60643972  .00000010  00000-0  10000-3 0  9993
2 29671  65.5132 307.3966 0016344 158.3127 312.1786  2.13103074 79991
COSMOS 2424 (715)       
1 29672U 06062C   17095.68221227  .00000010  00000-0  10000-3 0  9997
2 29672  65.4981 307.3186 0015945 156.7865 187.3130  2.13102172 79986
COSMOS 2433 (720)       
1 32275U 07052A   17095.73522034  .00000009  00000-0  10000-3 0  9994
2 32275  65.4780  68.0687 0005067 286.8260 255.7865  2.13104815 73504
COSMOS 2432 (719)       
1 32276U 07052B   17095.74577241  .00000009  00000-0  10000-3 0  9996
2 32276  65.4895  68.1385 0014008 330.2276 173.5091  2.13104160 73505
COSMOS 2434 (721)       
1 32393U 07065A   17095.63820801  .00000010  00000-0  00000-0 0  9999
2 32393  65.1120 306.4917 0005372  89.3504 268.7995  2.13102901 72209
COSMOS 2436 (723)       
1 32395U 07065C   17095.31872050  .00000010  00000-0  10000-3 0  9993
2 32395  65.1227 306.5481 0016473   5.7069 155.6649  2.13104307 72132
COSMOS 2443 (725)       
1 33379U 08046B   17095.35870591  .00000010  00000-0  00000-0 0  9994
2 33379  65.4075  67.4710 0015751 188.0632 327.2302  2.13101641 66365
COSMOS 2456 (730)       
1 36111U 09070A   17095.73832895 -.00000034  00000-0  00000-0 0  9993
2 36111  64.1790 186.0532 0004217 316.3126 289.4838  2.13102880 56875
COSMOS 2457 (733)       
1 36112U 09070B   17095.74638536 -.00000034  00000-0  00000-0 0  9991
2 36112  64.1612 185.9733 0006451 166.4776 214.3997  2.13101568 56883
COSMOS 2458 (734)       
1 36113U 09070C   17095.69414241 -.00000034  00000-0  10000-3 0  9995
2 36113  64.1664 185.9828 0001406  13.9138  14.7552  2.13102150 56886
COSMOS 2459 (731)       
1 36400U 10007A   17095.76829965  .00000006  00000-0  10000-3 0  9995
2 36400  65.3866  67.1822 0029636 348.8924  81.7776  2.13102336 55231
COSMOS 2461 (735)       
1 36401U 10007B   17095.67436580  .00000007  00000-0  10000-3 0  9994
2 36401  65.3791  67.1637 0005524  41.9011 227.2985  2.13102353 55228
COSMOS 2460 (732)       
1 36402U 10007C   17095.60736837  .00000007  00000-0  10000-3 0  9996
2 36402  65.3699  67.1399 0002929 311.6004 307.6269  2.13101862 55228
COSMOS 2465 (737)       
1 37138U 10041B   17095.34577863  .00000008  00000-0  00000-0 0  9991
2 37138  64.7095 306.5278 0034387 168.8652   9.1317  2.13106957 51299
COSMOS 2464 (736)       
1 37139U 10041C   17095.75592054  .00000009  00000-0  00000-0 0  9997
2 37139  64.7196 306.5108 0024859  15.2943 300.9009  2.13102662 51294
COSMOS 2471 (701K)      
1 37372U 11009A   17095.59997575  .00000007  00000-0  00000-0 0  9998
2 37372  65.3670  67.0881 0008852 247.0177 141.1477  2.13107771 47502
COSMOS 2474 (742)       
1 37829U 11055A   17095.70006076 -.00000035  00000-0  00000-0 0  9998
2 37829  64.5032 186.5894 0008220 248.8218 187.7274  2.13101935 42879
COSMOS 2476 (744)       
1 37867U 11064A   17095.56171087 -.00000034  00000-0  00000-0 0  9998
2 37867  64.4835 186.6678 0017357 243.9485 132.3841  2.13102039 42226
COSMOS 2477 (745)       
1 37868U 11064B   17095.89362521 -.00000035  00000-0  00000-0 0  9991
2 37868  64.4916 186.7001 0015186 245.2379 204.8950  2.13101832 42184
COSMOS 2475 (743)       
1 37869U 11064C   17095.51746745 -.00000034  00000-0  00000-0 0  9994
2 37869  64.4992 186.7030 0020107 272.1859 205.7247  2.13101921 42180
COSMOS 2485 (747)       
1 39155U 13019A   17095.60987123 -.00000034  00000-0  00000-0 0  9993
2 39155  64.6526 186.6792 0017713 238.4443 219.8852  2.13102016 30699
COSMOS 2492 (754)       
1 39620U 14012A   17095.58598446  .00000007  00000-0  10000-3 0  9990
2 39620  65.2597  67.0885 0017543 327.6041 146.3980  2.13103538 23645
COSMOS 2500 (755)       
1 40001U 14032A   17095.63155589  .00000007  00000-0  00000-0 0  9996
2 40001  65.2003  67.0873 0006029 233.9186 138.2151  2.13102911 21861
COSMOS 2501 (702K)      
1 40315U 14075A   17095.62937005  .00000006  00000-0  00000-0 0  9990
2 40315  64.4463 307.8834 0013375 207.7999 329.6819  2.13098563 18269
COSMOS 2514 (751)       
1 41330U 16008A   17095.63817872  .00000006  00000-0  00000-0 0  9996
2 41330  65.0000  67.2507 0009554 233.7555 323.2694  2.13103495  9022
COSMOS 2516 (753)       
1 41554U 16032A   17095.26514417  .00000006  00000-0  00000-0 0  9999
2 41554  64.6612 307.6392 0009413 221.1937 302.6492  2.13101675  6624
