COSMOS 2419 (714)       
1 28915U 05050A   17090.53309763  .00000016  00000-0  00000-0 0  9995
2 28915  65.4600  68.4669 0017163 346.1790 280.0338  2.13110430 87672
COSMOS 2425 (716)       
1 29670U 06062A   17090.78874968  .00000001  00000-0  10000-3 0  9997
2 29670  65.4991 307.4721 0022466 350.4446 165.1919  2.13105008 79884
COSMOS 2426 (717)       
1 29671U 06062B   17090.74605825  .00000001  00000-0  10000-3 0  9998
2 29671  65.5155 307.5605 0016228 158.5940 183.1780  2.13103075 79883
COSMOS 2424 (715)       
1 29672U 06062C   17090.70230677  .00000001  00000-0  10000-3 0  9994
2 29672  65.4990 307.4862 0015819 157.0926 326.6093  2.13102197 79882
COSMOS 2433 (720)       
1 32275U 07052A   17090.67689916  .00000016  00000-0  10000-3 0  9993
2 32275  65.4751  68.2392 0005118 285.2634 336.7474  2.13104861 73396
COSMOS 2432 (719)       
1 32276U 07052B   17090.54042938  .00000016  00000-0  10000-3 0  9997
2 32276  65.4870  68.3139 0013966 329.7498 140.6042  2.13104157 73392
COSMOS 2434 (721)       
1 32393U 07065A   17090.65009463  .00000001  00000-0  00000-0 0  9999
2 32393  65.1146 306.6626 0005254  88.3809  43.0569  2.13102942 72107
COSMOS 2436 (723)       
1 32395U 07065C   17090.88353712  .00000001  00000-0  10000-3 0  9999
2 32395  65.1247 306.6999 0016505   5.3358 353.4903  2.13104327 72034
COSMOS 2443 (725)       
1 33379U 08046B   17090.81225839  .00000015  00000-0  00000-0 0  9994
2 33379  65.4053  67.6247 0015765 188.1353  79.2980  2.13101601 66265
COSMOS 2456 (730)       
1 36111U 09070A   17090.83680867  .00000019  00000-0  00000-0 0  9991
2 36111  64.1793 186.2209 0004117 317.8590 127.6368  2.13102881 56772
COSMOS 2457 (733)       
1 36112U 09070B   17090.45520819  .00000023  00000-0  00000-0 0  9995
2 36112  64.1614 186.1542 0006477 164.8823 116.7867  2.13101577 56767
COSMOS 2458 (734)       
1 36113U 09070C   17090.62928742  .00000021  00000-0  10000-3 0  9994
2 36113  64.1666 186.1564 0001501  20.2343  82.8411  2.13102130 56779
COSMOS 2459 (731)       
1 36400U 10007A   17090.87684683  .00000015  00000-0  10000-3 0  9998
2 36400  65.3845  67.3477 0029572 348.3888 289.7384  2.13102355 55123
COSMOS 2461 (735)       
1 36401U 10007B   17090.47694186  .00000014  00000-0  10000-3 0  9993
2 36401  65.3763  67.3396 0005378  41.9218 200.0036  2.13102367 55116
COSMOS 2460 (732)       
1 36402U 10007C   17090.64922899  .00000014  00000-0  10000-3 0  9998
2 36402  65.3674  67.3073 0002890 309.4715 106.0606  2.13101873 55120
COSMOS 2465 (737)       
1 37138U 10041B   17090.88322258 -.00000000  00000-0  00000-0 0  9994
2 37138  64.7135 306.6818 0034455 169.2390 185.1458  2.13105201 51196
COSMOS 2464 (736)       
1 37139U 10041C   17090.61858188  .00000000  00000-0  00000-0 0  9991
2 37139  64.7214 306.6900 0024844  14.9033 320.0979  2.13102683 51186
COSMOS 2471 (701K)      
1 37372U 11009A   17090.64987307  .00000014  00000-0  00000-0 0  9999
2 37372  65.3647  67.2557 0008920 246.5827 303.9480  2.13107788 47397
COSMOS 2474 (742)       
1 37829U 11055A   17090.79676913  .00000020  00000-0  00000-0 0  9998
2 37829  64.5032 186.7546 0007984 248.6687  26.2431  2.13101939 42763
COSMOS 2476 (744)       
1 37867U 11064A   17090.91902855  .00000018  00000-0  00000-0 0  9998
2 37867  64.4834 186.8241 0017189 243.6161 171.0082  2.13102052 42125
COSMOS 2477 (745)       
1 37868U 11064B   17090.93871179  .00000018  00000-0  00000-0 0  9995
2 37868  64.4919 186.8678 0015009 244.8535   4.0397  2.13101810 42070
COSMOS 2475 (743)       
1 37869U 11064C   17090.76898543  .00000020  00000-0  00000-0 0  9994
2 37869  64.4998 186.8627 0019917 272.2037 162.8333  2.13101909 42089
COSMOS 2485 (747)       
1 39155U 13019A   17090.43084985  .00000023  00000-0  00000-0 0  9990
2 39155  64.6529 186.8532 0017526 238.1337 207.0279  2.13102017 30588
COSMOS 2492 (754)       
1 39620U 14012A   17090.60882209  .00000014  00000-0  10000-3 0  9999
2 39620  65.2568  67.2572 0017550 327.4323 288.2477  2.13103531 23535
COSMOS 2500 (755)       
1 40001U 14032A   17090.80587420  .00000014  00000-0  00000-0 0  9991
2 40001  65.1976  67.2525 0006236 233.8667  36.1677  2.13102918 21752
COSMOS 2501 (702K)      
1 40315U 14075A   17090.67710241 -.00000002  00000-0  00000-0 0  9998
2 40315  64.4487 308.0572 0013376 208.1213 130.2152  2.13098560 18153
COSMOS 2514 (751)       
1 41330U 16008A   17090.77076279  .00000014  00000-0  00000-0 0  9993
2 41330  64.9977  67.4180 0009635 233.4903 189.4060  2.13103520  8922
COSMOS 2516 (753)       
1 41554U 16032A   17090.51133069 -.00000001  00000-0  00000-0 0  9998
2 41554  64.6653 307.8056 0009425 222.2755 254.6190  2.13101716  6527
