COSMOS 2419 (714)       
1 28915U 05050A   17103.71046286 -.00000018  00000-0  00000-0 0  9991
2 28915  65.4669  68.0234 0017332 346.7983 308.9830  2.13110283 87953
COSMOS 2425 (716)       
1 29670U 06062A   17103.62843541 -.00000021  00000-0  10000-3 0  9991
2 29670  65.4934 307.0381 0022117 351.2220 294.6688  2.13104864 80153
COSMOS 2426 (717)       
1 29671U 06062B   17103.47771903 -.00000021  00000-0  10000-3 0  9997
2 29671  65.5100 307.1309 0016584 157.8669 231.1975  2.13102961 80161
COSMOS 2424 (715)       
1 29672U 06062C   17103.77727711 -.00000020  00000-0  10000-3 0  9998
2 29672  65.4945 307.0448 0016175 156.0947 278.2353  2.13102109 80163
COSMOS 2433 (720)       
1 32275U 07052A   17103.77792128 -.00000018  00000-0  10000-3 0  9992
2 32275  65.4819  67.7980 0004928 288.4393 304.3053  2.13104696 73674
COSMOS 2432 (719)       
1 32276U 07052B   17103.55010442 -.00000020  00000-0  10000-3 0  9994
2 32276  65.4937  67.8751 0014009 331.2523  39.7289  2.13104056 73676
COSMOS 2434 (721)       
1 32393U 07065A   17103.77893531 -.00000021  00000-0  00000-0 0  9997
2 32393  65.1090 306.2132 0005645  91.2226  32.2175  2.13102817 72387
COSMOS 2436 (723)       
1 32395U 07065C   17103.74194662 -.00000021  00000-0  10000-3 0  9999
2 32395  65.1179 306.2601 0016286   6.9726 136.4550  2.13104209 72313
COSMOS 2443 (725)       
1 33379U 08046B   17103.26996620 -.00000023  00000-0  00000-0 0  9991
2 33379  65.4112  67.2041 0015742 187.7250 276.7897  2.13101996 66522
COSMOS 2456 (730)       
1 36111U 09070A   17103.50779951  .00000022  00000-0  00000-0 0  9997
2 36111  64.1785 185.7877 0004637 311.2279 135.0709  2.13102820 57043
COSMOS 2457 (733)       
1 36112U 09070B   17103.72610265  .00000021  00000-0  00000-0 0  9993
2 36112  64.1608 185.7006 0006379 170.7627 211.8743  2.13101507 57055
COSMOS 2458 (734)       
1 36113U 09070C   17103.73516200  .00000021  00000-0  10000-3 0  9993
2 36113  64.1664 185.7084 0001412 356.7558  80.7178  2.13102084 57052
COSMOS 2459 (731)       
1 36400U 10007A   17103.74057760 -.00000020  00000-0  10000-3 0  9996
2 36400  65.3905  66.9124 0029715 349.2258  77.4824  2.13102248 55407
COSMOS 2461 (735)       
1 36401U 10007B   17103.57646781 -.00000021  00000-0  10000-3 0  9996
2 36401  65.3830  66.8973 0005805  42.8098 168.5905  2.13102242 55392
COSMOS 2460 (732)       
1 36402U 10007C   17103.64089426 -.00000021  00000-0  10000-3 0  9992
2 36402  65.3733  66.8685 0002834 315.1731 347.0645  2.13101752 55394
COSMOS 2465 (737)       
1 37138U 10041B   17103.64172051 -.00000022  00000-0  00000-0 0  9991
2 37138  64.7069 306.2379 0034538 168.8342 253.6749  2.13107211 51472
COSMOS 2464 (736)       
1 37139U 10041C   17103.70262521 -.00000022  00000-0  00000-0 0  9991
2 37139  64.7162 306.2352 0024707  16.0209 276.6168  2.13102579 51462
COSMOS 2471 (701K)      
1 37372U 11009A   17103.55341657 -.00000021  00000-0  00000-0 0  9995
2 37372  65.3705  66.8192 0008628 247.1080 122.7988  2.13107668 47673
COSMOS 2474 (742)       
1 37829U 11055A   17103.55233587  .00000022  00000-0  00000-0 0  9995
2 37829  64.5035 186.3238 0008546 248.9187  91.6250  2.13101872 43035
COSMOS 2476 (744)       
1 37867U 11064A   17103.58542683  .00000021  00000-0  00000-0 0  9999
2 37867  64.4828 186.3965 0017807 244.2552 167.5984  2.13101970 42392
COSMOS 2477 (745)       
1 37868U 11064B   17103.75424287  .00000021  00000-0  00000-0 0  9998
2 37868  64.4915 186.4343 0015656 245.6905 114.8330  2.13101772 42354
COSMOS 2475 (743)       
1 37869U 11064C   17103.69955816  .00000021  00000-0  00000-0 0  9999
2 37869  64.4984 186.4263 0020595 272.0024   2.9246  2.13101845 42350
COSMOS 2485 (747)       
1 39155U 13019A   17103.77742051  .00000021  00000-0  00000-0 0  9995
2 39155  64.6524 186.4052 0018175 239.2765   4.9122  2.13101948 30868
COSMOS 2492 (754)       
1 39620U 14012A   17103.70870161 -.00000020  00000-0  10000-3 0  9997
2 39620  65.2630  66.8119 0017501 328.5293 256.9564  2.13103401 23817
COSMOS 2500 (755)       
1 40001U 14032A   17103.68034532 -.00000021  00000-0  00000-0 0  9992
2 40001  65.2043  66.8125 0005840 233.6160 193.2739  2.13102835 22039
COSMOS 2501 (702K)      
1 40315U 14075A   17103.45471316 -.00000024  00000-0  00000-0 0  9990
2 40315  64.4429 307.6091 0013442 206.6518 214.0549  2.13098442 18436
COSMOS 2514 (751)       
1 41330U 16008A   17103.63713332 -.00000021  00000-0  00000-0 0  9990
2 41330  65.0043  66.9768 0009295 233.5935 339.9736  2.13103354  9199
COSMOS 2516 (753)       
1 41554U 16032A   17103.69483802 -.00000023  00000-0  00000-0 0  9999
2 41554  64.6595 307.3471 0009455 217.5018 293.2876  2.13101653  6801
