COSMOS 2419 (714)       
1 28915U 05050A   17116.50537346 -.00000011  00000-0  00000-0 0  9997
2 28915  65.4726  67.5944 0017460 347.9818  43.9600  2.13110308 88232
COSMOS 2425 (716)       
1 29670U 06062A   17116.92492002 -.00000001  00000-0  10000-3 0  9998
2 29670  65.4861 306.5899 0021881 351.7248  54.8779  2.13104993 80444
COSMOS 2426 (717)       
1 29671U 06062B   17116.12439433  .00000005  00000-0  10000-3 0  9993
2 29671  65.5058 306.7061 0017092 157.3564 213.8090  2.13102967 80438
COSMOS 2424 (715)       
1 29672U 06062C   17116.87818237 -.00000000  00000-0  10000-3 0  9995
2 29672  65.4886 306.6032 0016502 155.8569 249.0129  2.13102239 80444
COSMOS 2433 (720)       
1 32275U 07052A   17116.83265995 -.00000011  00000-0  10000-3 0  9993
2 32275  65.4877  67.3582 0004594 292.1083 235.8723  2.13104737 73958
COSMOS 2432 (719)       
1 32276U 07052B   17116.47831966 -.00000011  00000-0  10000-3 0  9991
2 32276  65.4997  67.4404 0013960 332.8905 236.2342  2.13104138 73944
COSMOS 2434 (721)       
1 32393U 07065A   17116.43580227  .00000002  00000-0  00000-0 0  9997
2 32393  65.1034 305.7802 0005800  93.4998  19.8713  2.13102899 72655
COSMOS 2436 (723)       
1 32395U 07065C   17116.71378549 -.00000000  00000-0  10000-3 0  9995
2 32395  65.1125 305.8168 0016067   7.7243   7.3364  2.13104307 72595
COSMOS 2443 (725)       
1 33379U 08046B   17116.31259351 -.00000012  00000-0  00000-0 0  9992
2 33379  65.4173  66.7638 0015768 187.1009 203.2432  2.13103279 66806
COSMOS 2456 (730)       
1 36111U 09070A   17116.87334851  .00000059  00000-0  00000-0 0  9997
2 36111  64.1784 185.3309 0005100 307.4287 312.5255  2.13102906 57324
COSMOS 2457 (733)       
1 36112U 09070B   17116.86473435  .00000059  00000-0  00000-0 0  9999
2 36112  64.1596 185.2509 0006265 176.9639 205.1787  2.13101538 57338
COSMOS 2458 (734)       
1 36113U 09070C   17116.44637227  .00000060  00000-0  10000-3 0  9991
2 36113  64.1662 185.2744 0001625 331.6675 137.4352  2.13102126 57327
COSMOS 2459 (731)       
1 36400U 10007A   17116.58656918 -.00000013  00000-0  10000-3 0  9994
2 36400  65.3961  66.4795 0029758 349.8554 211.8372  2.13102339 55672
COSMOS 2461 (735)       
1 36401U 10007B   17116.65807027 -.00000013  00000-0  10000-3 0  9992
2 36401  65.3895  66.4553 0006161  44.3038 122.8341  2.13102336 55672
COSMOS 2460 (732)       
1 36402U 10007C   17116.65512119 -.00000013  00000-0  10000-3 0  9998
2 36402  65.3797  66.4289 0002662 323.5262 242.7353  2.13101792 55673
COSMOS 2465 (737)       
1 37138U 10041B   17116.70444522 -.00000001  00000-0  00000-0 0  9994
2 37138  64.7017 305.7847 0034691 168.7767 195.2433  2.13107298 51756
COSMOS 2464 (736)       
1 37139U 10041C   17116.01793413  .00000003  00000-0  00000-0 0  9996
2 37139  64.7095 305.8078 0024509  16.6318   3.9051  2.13102633 51737
COSMOS 2471 (701K)      
1 37372U 11009A   17116.47976642 -.00000013  00000-0  00000-0 0  9999
2 37372  65.3781  66.3812 0008375 247.0040 319.7855  2.13107736 47942
COSMOS 2474 (742)       
1 37829U 11055A   17116.44911462  .00000060  00000-0  00000-0 0  9994
2 37829  64.5028 185.8879 0009137 250.9549 263.5622  2.13101951 43316
COSMOS 2476 (744)       
1 37867U 11064A   17116.68988532  .00000059  00000-0  00000-0 0  9992
2 37867  64.4824 185.9532 0018365 245.0566 140.1003  2.13102042 42678
COSMOS 2477 (745)       
1 37868U 11064B   17116.51341882  .00000059  00000-0  00000-0 0  9996
2 37868  64.4906 186.0034 0016330 246.7465 182.1782  2.13101827 42620
COSMOS 2475 (743)       
1 37869U 11064C   17116.54674745  .00000059  00000-0  00000-0 0  9997
2 37869  64.4979 185.9920 0021113 271.8515 139.0039  2.13101895 42635
COSMOS 2485 (747)       
1 39155U 13019A   17116.69523806  .00000059  00000-0  00000-0 0  9996
2 39155  64.6523 185.9712 0018686 240.0019 194.2974  2.13102006 31149
COSMOS 2492 (754)       
1 39620U 14012A   17116.68698845 -.00000013  00000-0  10000-3 0  9997
2 39620  65.2694  66.3712 0017392 329.9681 132.0519  2.13103479 24095
COSMOS 2500 (755)       
1 40001U 14032A   17116.49226642 -.00000013  00000-0  00000-0 0  9991
2 40001  65.2085  66.3775 0005423 232.1672 303.6011  2.13102907 22300
COSMOS 2501 (702K)      
1 40315U 14075A   17116.63133648 -.00000002  00000-0  00000-0 0  9993
2 40315  64.4360 307.1466 0013632 205.3668 243.8292  2.13098584 18717
COSMOS 2514 (751)       
1 41330U 16008A   17116.32982892 -.00000013  00000-0  00000-0 0  9990
2 41330  65.0102  66.5424 0009039 233.0937 357.9186  2.13103447  9465
COSMOS 2516 (753)       
1 41554U 16032A   17116.70238041 -.00000002  00000-0  00000-0 0  9995
2 41554  64.6554 306.8956 0009517 216.3822 193.3224  2.13101725  7085
