COSMOS 2419 (714)       
1 28915U 05050A   17084.64436282  .00000033  00000-0  00000-0 0  9996
2 28915  65.4564  68.6650 0017032 345.9721  82.4422  2.13110346 87550
COSMOS 2425 (716)       
1 29670U 06062A   17084.46470919  .00000031  00000-0  10000-3 0  9996
2 29670  65.5018 307.6854 0022547 350.1508 353.8494  2.13104971 79747
COSMOS 2426 (717)       
1 29671U 06062B   17084.59866938  .00000031  00000-0  10000-3 0  9991
2 29671  65.5176 307.7681 0016008 159.3138 146.3852  2.13102964 79759
COSMOS 2424 (715)       
1 29672U 06062C   17084.64484068  .00000031  00000-0  10000-3 0  9998
2 29672  65.5029 307.6912 0015552 157.5715 359.0633  2.13102132 79754
COSMOS 2433 (720)       
1 32275U 07052A   17084.73074797  .00000033  00000-0  10000-3 0  9997
2 32275  65.4721  68.4394 0005144 283.3975  96.8864  2.13104813 73274
COSMOS 2432 (719)       
1 32276U 07052B   17084.60125057  .00000033  00000-0  10000-3 0  9990
2 32276  65.4838  68.5140 0013893 329.1481 264.8428  2.13104101 73267
COSMOS 2434 (721)       
1 32393U 07065A   17084.80796517  .00000031  00000-0  00000-0 0  9995
2 32393  65.1181 306.8627 0005000  86.6538 242.8921  2.13102830 71979
COSMOS 2436 (723)       
1 32395U 07065C   17084.74031898  .00000031  00000-0  10000-3 0  9998
2 32395  65.1285 306.9096 0016570   4.4054 321.5135  2.13104226 71908
COSMOS 2443 (725)       
1 33379U 08046B   17084.72651115  .00000031  00000-0  00000-0 0  9995
2 33379  65.4020  67.8301 0015788 188.2415  90.4395  2.13101890 66127
COSMOS 2456 (730)       
1 36111U 09070A   17084.67336140  .00000004  00000-0  00000-0 0  9992
2 36111  64.1800 186.4318 0003860 322.0396  75.0411  2.13102811 56644
COSMOS 2457 (733)       
1 36112U 09070B   17084.55628653  .00000003  00000-0  00000-0 0  9992
2 36112  64.1617 186.3560 0006558 163.2720 272.9456  2.13101526 56641
COSMOS 2458 (734)       
1 36113U 09070C   17084.48641579  .00000003  00000-0  10000-3 0  9991
2 36113  64.1668 186.3666 0001591  29.5816  40.8810  2.13102089 56648
COSMOS 2459 (731)       
1 36400U 10007A   17084.53874363  .00000031  00000-0  10000-3 0  9998
2 36400  65.3811  67.5626 0029472 348.2423 107.5176  2.13102288 54992
COSMOS 2461 (735)       
1 36401U 10007B   17084.65490760  .00000031  00000-0  10000-3 0  9997
2 36401  65.3733  67.5361 0005235  42.3110  53.1575  2.13102307 54999
COSMOS 2460 (732)       
1 36402U 10007C   17084.64778594  .00000031  00000-0  10000-3 0  9991
2 36402  65.3643  67.5105 0002850 305.5283 185.9208  2.13101799 54992
COSMOS 2465 (737)       
1 37138U 10041B   17084.91752917  .00000029  00000-0  00000-0 0  9990
2 37138  64.7156 306.8889 0034121 169.8094 287.8261  2.13104505 51071
COSMOS 2464 (736)       
1 37139U 10041C   17084.69899410  .00000030  00000-0  00000-0 0  9998
2 37139  64.7240 306.8957 0024856  14.2446  99.4408  2.13102598 51069
COSMOS 2471 (701K)      
1 37372U 11009A   17084.41184322  .00000032  00000-0  00000-0 0  9993
2 37372  65.3611  67.4676 0009051 246.0435 198.7718  2.13107741 47267
COSMOS 2474 (742)       
1 37829U 11055A   17084.65580808  .00000004  00000-0  00000-0 0  9995
2 37829  64.5035 186.9622 0007750 248.3838 355.3890  2.13101878 42632
COSMOS 2476 (744)       
1 37867U 11064A   17084.59065259  .00000004  00000-0  00000-0 0  9998
2 37867  64.4837 187.0378 0016954 243.3060 356.3978  2.13101971 41980
COSMOS 2477 (745)       
1 37868U 11064B   17084.62092355  .00000004  00000-0  00000-0 0  9990
2 37868  64.4914 187.0810 0014728 244.4178 197.6842  2.13101751 41945
COSMOS 2475 (743)       
1 37869U 11064C   17084.65282578  .00000004  00000-0  00000-0 0  9992
2 37869  64.4997 187.0695 0019610 272.3872 150.5388  2.13101843 41950
COSMOS 2485 (747)       
1 39155U 13019A   17084.72595238  .00000005  00000-0  00000-0 0  9993
2 39155  64.6532 187.0449 0017265 237.6549 150.9025  2.13101960 30469
COSMOS 2492 (754)       
1 39620U 14012A   17084.66259521  .00000030  00000-0  10000-3 0  9991
2 39620  65.2537  67.4592 0017501 327.0212  46.8988  2.13103478 23416
COSMOS 2500 (755)       
1 40001U 14032A   17084.48536509  .00000031  00000-0  00000-0 0  9999
2 40001  65.1944  67.4681 0006366 233.2610 227.8886  2.13102861 21622
COSMOS 2501 (702K)      
1 40315U 14075A   17084.75695608  .00000027  00000-0  00000-0 0  9995
2 40315  64.4516 308.2642 0013412 208.4621 268.2169  2.13098504 18038
COSMOS 2514 (751)       
1 41330U 16008A   17084.66093781  .00000030  00000-0  00000-0 0  9999
2 41330  64.9943  67.6267 0009850 232.9756 182.6482  2.13103426  8795
COSMOS 2516 (753)       
1 41554U 16032A   17084.26870896  .00000028  00000-0  00000-0 0  9997
2 41554  64.6695 308.0225 0009570 223.8891 143.8902  2.13101590  6398
