COSMOS 2419 (714)       
1 28915U 05050A   17118.70229686 -.00000009  00000-0  00000-0 0  9993
2 28915  65.4737  67.5203 0017437 348.4303 288.9764  2.13110355 88279
COSMOS 2425 (716)       
1 29670U 06062A   17118.66526553 -.00000007  00000-0  10000-3 0  9996
2 29670  65.4853 306.5312 0021861 351.7424 310.0065  2.13104991 80475
COSMOS 2426 (717)       
1 29671U 06062B   17118.68950796 -.00000007  00000-0  10000-3 0  9999
2 29671  65.5044 306.6195 0017198 157.3539  21.6816  2.13103014 80489
COSMOS 2424 (715)       
1 29672U 06062C   17118.71444718 -.00000007  00000-0  10000-3 0  9996
2 29672  65.4883 306.5413 0016536 155.7685 217.8173  2.13102262 80480
COSMOS 2433 (720)       
1 32275U 07052A   17118.65931096 -.00000010  00000-0  10000-3 0  9996
2 32275  65.4887  67.2968 0004554 292.2730 197.0647  2.13104756 73991
COSMOS 2432 (719)       
1 32276U 07052B   17118.74936846 -.00000009  00000-0  10000-3 0  9993
2 32276  65.5007  67.3641 0013964 333.0472 178.3596  2.13104158 73999
COSMOS 2434 (721)       
1 32393U 07065A   17118.73179399 -.00000007  00000-0  00000-0 0  9992
2 32393  65.1029 305.7014 0005829  94.2963 340.4854  2.13102939 72706
COSMOS 2436 (723)       
1 32395U 07065C   17118.82964563 -.00000007  00000-0  10000-3 0  9993
2 32395  65.1117 305.7442 0015988   7.8480 190.4427  2.13104342 72633
COSMOS 2443 (725)       
1 33379U 08046B   17118.73363448 -.00000010  00000-0  00000-0 0  9991
2 33379  65.4178  66.6829 0015731 187.0256 260.6616  2.13103191 66854
COSMOS 2456 (730)       
1 36111U 09070A   17118.55752259  .00000046  00000-0  00000-0 0  9996
2 36111  64.1781 185.2732 0005139 307.0682 164.9354  2.13102923 57369
COSMOS 2457 (733)       
1 36112U 09070B   17118.80333855  .00000043  00000-0  00000-0 0  9999
2 36112  64.1596 185.1844 0006284 177.4718 251.9028  2.13101566 57376
COSMOS 2458 (734)       
1 36113U 09070C   17118.67625678  .00000044  00000-0  10000-3 0  9997
2 36113  64.1660 185.1982 0001657 327.1902  52.6086  2.13102147 57376
COSMOS 2459 (731)       
1 36400U 10007A   17118.80039611 -.00000011  00000-0  10000-3 0  9994
2 36400  65.3971  66.4054 0029738 349.9726 110.0887  2.13102363 55725
COSMOS 2461 (735)       
1 36401U 10007B   17118.70584164 -.00000011  00000-0  10000-3 0  9992
2 36401  65.3906  66.3865 0006272  45.1935 252.9222  2.13102371 55715
COSMOS 2460 (732)       
1 36402U 10007C   17118.63642985 -.00000011  00000-0  10000-3 0  9991
2 36402  65.3807  66.3615 0002608 325.1350 321.1133  2.13101841 55711
COSMOS 2465 (737)       
1 37138U 10041B   17118.64279973 -.00000008  00000-0  00000-0 0  9992
2 37138  64.7006 305.7174 0034728 168.7463 242.3467  2.13107289 51796
COSMOS 2464 (736)       
1 37139U 10041C   17118.75926544 -.00000008  00000-0  00000-0 0  9998
2 37139  64.7082 305.7121 0024393  16.7947 306.8028  2.13102675 51781
COSMOS 2471 (701K)      
1 37372U 11009A   17118.73590946 -.00000011  00000-0  00000-0 0  9997
2 37372  65.3787  66.3055 0008346 247.0658 250.5995  2.13107745 47992
COSMOS 2474 (742)       
1 37829U 11055A   17118.56549248  .00000046  00000-0  00000-0 0  9992
2 37829  64.5027 185.8167 0009187 250.8657  87.2657  2.13101969 43351
COSMOS 2476 (744)       
1 37867U 11064A   17118.89724397  .00000042  00000-0  00000-0 0  9996
2 37867  64.4824 185.8791 0018469 245.1167  33.4524  2.13102063 42717
COSMOS 2477 (745)       
1 37868U 11064B   17118.63660683  .00000045  00000-0  00000-0 0  9999
2 37868  64.4906 185.9315 0016408 246.8594  10.9032  2.13101852 42668
COSMOS 2475 (743)       
1 37869U 11064C   17118.29087120  .00000049  00000-0  00000-0 0  9995
2 37869  64.4982 185.9330 0021277 271.7414  37.1477  2.13101936 42665
COSMOS 2485 (747)       
1 39155U 13019A   17118.73855557  .00000044  00000-0  00000-0 0  9998
2 39155  64.6520 185.9032 0018829 240.0613 321.8009  2.13102003 31188
COSMOS 2492 (754)       
1 39620U 14012A   17118.56774132 -.00000012  00000-0  10000-3 0  9999
2 39620  65.2705  66.3072 0017370 330.1588 134.7158  2.13103494 24133
COSMOS 2500 (755)       
1 40001U 14032A   17118.68980778 -.00000011  00000-0  00000-0 0  9999
2 40001  65.2099  66.3028 0005385 231.8736 189.7756  2.13102929 22358
COSMOS 2501 (702K)      
1 40315U 14075A   17118.91101183 -.00000010  00000-0  00000-0 0  9994
2 40315  64.4345 307.0666 0013675 205.2232 192.8333  2.13098608 18765
COSMOS 2514 (751)       
1 41330U 16008A   17118.63458703 -.00000012  00000-0  00000-0 0  9994
2 41330  65.0115  66.4634 0008917 232.6509 326.5022  2.13103494  9514
COSMOS 2516 (753)       
1 41554U 16032A   17118.64450459 -.00000009  00000-0  00000-0 0  9996
2 41554  64.6544 306.8277 0009539 216.2205 243.4106  2.13101713  7126
