COSMOS 2419 (714)       
1 28915U 05050A   17117.52702573 -.00000011  00000-0  00000-0 0  9996
2 28915  65.4732  67.5600 0017428 348.3395 107.4079  2.13110349 88250
COSMOS 2425 (716)       
1 29670U 06062A   17117.75462432 -.00000005  00000-0  10000-3 0  9998
2 29670  65.4857 306.5619 0021874 351.7384 331.3912  2.13104995 80457
COSMOS 2426 (717)       
1 29671U 06062B   17117.48764424 -.00000003  00000-0  10000-3 0  9993
2 29671  65.5049 306.6602 0017153 157.2893 179.7165  2.13103006 80450
COSMOS 2424 (715)       
1 29672U 06062C   17117.70199127 -.00000004  00000-0  10000-3 0  9992
2 29672  65.4888 306.5754 0016519 155.8127 161.0536  2.13102253 80456
COSMOS 2433 (720)       
1 32275U 07052A   17117.70536163 -.00000011  00000-0  10000-3 0  9998
2 32275  65.4883  67.3288 0004340 293.8990 183.5951  2.13104711 73978
COSMOS 2432 (719)       
1 32276U 07052B   17117.72396670 -.00000011  00000-0  10000-3 0  9998
2 32276  65.5003  67.3985 0013955 332.9751 111.7734  2.13104147 73975
COSMOS 2434 (721)       
1 32393U 07065A   17117.83335288 -.00000005  00000-0  00000-0 0  9991
2 32393  65.1033 305.7321 0005824  94.1733  11.3542  2.13102939 72686
COSMOS 2436 (723)       
1 32395U 07065C   17117.40978797 -.00000004  00000-0  10000-3 0  9997
2 32395  65.1124 305.7927 0016002   7.7853 181.2300  2.13104327 72608
COSMOS 2443 (725)       
1 33379U 08046B   17116.96865532 -.00000012  00000-0  00000-0 0  9997
2 33379  65.4176  66.7416 0015770 187.0047 346.6488  2.13103279 66822
COSMOS 2456 (730)       
1 36111U 09070A   17117.82445069  .00000053  00000-0  00000-0 0  9991
2 36111  64.1782 185.2983 0005125 307.2629 322.3494  2.13102919 57344
COSMOS 2457 (733)       
1 36112U 09070B   17117.68039958  .00000054  00000-0  00000-0 0  9993
2 36112  64.1597 185.2229 0006272 177.2691 110.6250  2.13101559 57347
COSMOS 2458 (734)       
1 36113U 09070C   17117.73731010  .00000054  00000-0  10000-3 0  9992
2 36113  64.1660 185.2302 0001653 328.3146  51.1546  2.13102146 57354
COSMOS 2459 (731)       
1 36400U 10007A   17117.85724492 -.00000012  00000-0  10000-3 0  9997
2 36400  65.3966  66.4369 0029745 349.9273 106.5823  2.13102353 55700
COSMOS 2461 (735)       
1 36401U 10007B   17117.60152568 -.00000013  00000-0  10000-3 0  9991
2 36401  65.3901  66.4239 0006228  45.0746 125.8497  2.13102368 55691
COSMOS 2460 (732)       
1 36402U 10007C   17117.68948512 -.00000013  00000-0  10000-3 0  9992
2 36402  65.3802  66.3937 0002621 324.8740 314.9135  2.13101829 55692
COSMOS 2465 (737)       
1 37138U 10041B   17117.40791170 -.00000005  00000-0  00000-0 0  9990
2 37138  64.7012 305.7604 0034714 168.7626  14.9457  2.13107303 51763
COSMOS 2464 (736)       
1 37139U 10041C   17117.56753682 -.00000005  00000-0  00000-0 0  9994
2 37139  64.7089 305.7539 0024496  16.6538 112.6873  2.13102643 51764
COSMOS 2471 (701K)      
1 37372U 11009A   17117.78315888 -.00000013  00000-0  00000-0 0  9993
2 37372  65.3784  66.3379 0008367 247.0196 239.7110  2.13107739 47977
COSMOS 2474 (742)       
1 37829U 11055A   17117.70717066  .00000054  00000-0  00000-0 0  9991
2 37829  64.5027 185.8456 0009174 250.8450 148.8109  2.13101966 43341
COSMOS 2476 (744)       
1 37867U 11064A   17117.69731882  .00000054  00000-0  00000-0 0  9993
2 37867  64.4826 185.9194 0018419 245.0513 192.9746  2.13102041 42696
COSMOS 2477 (745)       
1 37868U 11064B   17117.68965556  .00000054  00000-0  00000-0 0  9990
2 37868  64.4906 185.9634 0016396 246.8017   4.4925  2.13101849 42641
COSMOS 2475 (743)       
1 37869U 11064C   17117.47752869  .00000056  00000-0  00000-0 0  9991
2 37869  64.4982 185.9604 0021250 271.7553 133.1648  2.13101926 42659
COSMOS 2485 (747)       
1 39155U 13019A   17117.59069800  .00000055  00000-0  00000-0 0  9991
2 39155  64.6521 185.9411 0018728 240.0369 161.2290  2.13102011 31161
COSMOS 2492 (754)       
1 39620U 14012A   17117.70046002 -.00000013  00000-0  10000-3 0  9993
2 39620  65.2702  66.3365 0017392 330.0399 189.4848  2.13103505 24112
COSMOS 2500 (755)       
1 40001U 14032A   17117.79041534 -.00000013  00000-0  00000-0 0  9990
2 40001  65.2094  66.3333 0005409 231.9613 219.7040  2.13102924 22337
COSMOS 2501 (702K)      
1 40315U 14075A   17117.90036488 -.00000008  00000-0  00000-0 0  9994
2 40315  64.4352 307.1019 0013654 205.2770 137.4588  2.13098604 18730
COSMOS 2514 (751)       
1 41330U 16008A   17117.68264175 -.00000013  00000-0  00000-0 0  9997
2 41330  65.0110  66.4960 0008931 232.7412 316.1086  2.13103486  9494
COSMOS 2516 (753)       
1 41554U 16032A   17117.81534201 -.00000007  00000-0  00000-0 0  9990
2 41554  64.6549 306.8568 0009531 216.3617 327.1668  2.13101726  7109
